71
95
96
97
98
99
100
101
102
103
104
105
106
107
108
109
110
111
112
113
190
191
192
193
194
195
196
197
198
199
200
201
202
203
204
205
206
207
208
227
377
399
400
401
402
403
404
405
406
407
408
409
410
411
412
413
414
415
416
417
475
476
477
478
479
480
481
482
483
484
485
486
487
488
489
490
491
492
493
536
537
544
545
550
551
552
553
554
555
556
557
558
559
560
561
562
563
564
565
566
567
568
569
752
853
946
1026
1027
1028
1029
1030
1031
1032
1033
1034
1035
1036
1037
1038
1039
1040
1041
1042
1043
1044
1083
1084
1085
1086
1087
1088
1089
1090
1091
1092
1093
1094
1095
1096
1097
1098
1099
1100
1101
1121
1122
1123
1124
1125
1126
1127
1128
1129
1130
1131
1132
1133
1134
1135
1136
1137
1138
1139
1140
1141
1142
1143
1144
1145
1146
1147
1148
1149
1150
1151
1152
1153
1154
1155
1156
1157
1158
1159
1160
1161
1162
1163
1164
1165
1166
1167
1168
1169
1170
1171
1172
1173
1174
1175
1176
1177
1178
1179
1180
1181
1182
1183
1184
1185
1186
1187
1188
1189
1190
1191
1192
1193
1194
1195
1196
1197
1198
1199
1200
1201
1202
1203
1204
1205
1206
1207
1208
1209
1210
1211
1212
1213
1214
1215
1243
1245
1321
1488
1672
1673
1674
1675
1676
1677
1678
1679
1680
1681
1682
1683
1684
1685
1686
1687
1688
1689
1690
1767
1768
1769
1770
1771
1772
1773
1774
1775
1776
1777
1778
1779
1780
1781
1782
1783
1784
1785
